%YAML:1.0
---
MatrixL: !!opencv-matrix
   rows: 3
   cols: 3
   dt: d
   data: [ 9.2849070001299588e+03, 0., 1.2313722379653548e+03, 0.,
       9.4861123648340963e+03, 1.0612648782505707e+03, 0., 0., 1. ]
distL: !!opencv-matrix
   rows: 1
   cols: 5
   dt: d
   data: [ 2.3422783152452387e-02, -4.7214355157307993e-02,
       1.4096549051680243e-03, -1.4553599714822027e-03,
       7.5907839850555723e+00 ]
MatrixR: !!opencv-matrix
   rows: 3
   cols: 3
   dt: d
   data: [ 1.1011514273598019e+04, 0., 1.2266742826902828e+03, 0.,
       1.1059823386004588e+04, 1.0583623760501871e+03, 0., 0., 1. ]
distR: !!opencv-matrix
   rows: 1
   cols: 5
   dt: d
   data: [ 7.2533113330903029e-03, 5.0535783859655172e+00,
       7.5929835449852878e-04, 2.0691399702743711e-03,
       -1.5130301380630985e+02 ]
Q: !!opencv-matrix
   rows: 4
   cols: 4
   dt: d
   data: [ 1., 0., 0., -4.1677207031250000e+03, 0., 1., 0.,
       -1.0845037612915039e+03, 0., 0., 0., 1.0272967875419341e+04, 0.,
       0., 4.6280640235625099e-03, 0. ]
R1: !!opencv-matrix
   rows: 3
   cols: 3
   dt: d
   data: [ 9.9758068631816599e-01, 6.0023650577286855e-04,
       6.9515566610034912e-02, -6.7937832001159579e-04,
       9.9999914778867893e-01, 1.1148394565648314e-03,
       -6.9514838200742168e-02, -1.1593696790726943e-03,
       9.9758024395628053e-01 ]
R2: !!opencv-matrix
   rows: 3
   cols: 3
   dt: d
   data: [ 8.4529630043867210e-01, -1.1339351510032025e-02,
       -5.3417748321323533e-01, 1.0706595598957900e-02,
       9.9993350638369038e-01, -4.2838793048451326e-03,
       5.3419054023388957e-01, -2.0980749629218513e-03,
       8.4536149948177519e-01 ]
P1: !!opencv-matrix
   rows: 3
   cols: 4
   dt: d
   data: [ 1.0272967875419341e+04, 0., 4.1677207031250000e+03, 0., 0.,
       1.0272967875419341e+04, 1.0845037612915039e+03, 0., 0., 0., 1.,
       0. ]
P2: !!opencv-matrix
   rows: 3
   cols: 4
   dt: d
   data: [ 1.0272967875419341e+04, 0., 4.1677207031250000e+03,
       -2.2197117030182304e+06, 0., 1.0272967875419341e+04,
       1.0845037612915039e+03, 0., 0., 0., 1., 0. ]
