%YAML:1.0
---
MatrixL: !!opencv-matrix
   rows: 3
   cols: 3
   dt: d
   data: [ 1.0085792960976305e+04, 0., 1.1361334475117042e+03, 0.,
       1.0160102550907481e+04, 1.0545162305772635e+03, 0., 0., 1. ]
distL: !!opencv-matrix
   rows: 1
   cols: 5
   dt: d
   data: [ 1.3673588102098691e-02, 1.5036047109981252e+00,
       1.5593646261240722e-03, -1.0579309456172541e-03,
       -3.3367864565340788e+01 ]
MatrixR: !!opencv-matrix
   rows: 3
   cols: 3
   dt: d
   data: [ 1.1187132801538957e+04, 0., 1.2222064058792942e+03, 0.,
       1.1212227461428538e+04, 1.0197264001535890e+03, 0., 0., 1. ]
distR: !!opencv-matrix
   rows: 1
   cols: 5
   dt: d
   data: [ 2.3475133266665671e-02, 3.0853230538059981e+00,
       -6.1830109848434180e-04, 3.7283393589377443e-03,
       -6.5756812145624508e+01 ]
Q: !!opencv-matrix
   rows: 4
   cols: 4
   dt: d
   data: [ 1., 0., 0., 4.9885251617431641e+02, 0., 1., 0.,
       -1.0462913665771484e+03, 0., 0., 0., 1.0686165006168008e+04, 0.,
       0., 3.8645433526712388e-03, 2.5777322553200342e+01 ]
R1: !!opencv-matrix
   rows: 3
   cols: 3
   dt: d
   data: [ 9.8893004002934959e-01, 3.2068256384257467e-03,
       1.4834787560620447e-01, -3.0742698794972247e-03,
       9.9999464403545502e-01, -1.1228379719523669e-03,
       -1.4835068180583874e-01, 6.5434679488577232e-04,
       9.8893460200258687e-01 ]
R2: !!opencv-matrix
   rows: 3
   cols: 3
   dt: d
   data: [ 9.0972995254062805e-01, -5.1117252457089256e-03,
       -4.1516898212106246e-01, 5.4903066763151778e-03,
       9.9998488847571698e-01, -2.8169630369193641e-04,
       4.1516414823901482e-01, -2.0231374693497105e-03,
       9.0974427007360348e-01 ]
P1: !!opencv-matrix
   rows: 3
   cols: 4
   dt: d
   data: [ 1.0686165006168008e+04, 0., -4.9885251617431641e+02, 0., 0.,
       1.0686165006168008e+04, 1.0462913665771484e+03, 0., 0., 0., 1.,
       0. ]
P2: !!opencv-matrix
   rows: 3
   cols: 4
   dt: d
   data: [ 1.0686165006168008e+04, 0., 6.1713592529296875e+03,
       -2.7651818160563647e+06, 0., 1.0686165006168008e+04,
       1.0462913665771484e+03, 0., 0., 0., 1., 0. ]
R: !!opencv-matrix
   rows: 3
   cols: 3
   dt: d
   data: [ 8.3805251524485891e-01, 8.6792839360300914e-03,
       5.4552053281441493e-01, -7.8292282514862890e-03,
       9.9996181634701597e-01, -3.8818852330904921e-03,
       -5.4553339483183938e-01, -1.0177810837931095e-03,
       8.3808846743342902e-01 ]
T: !!opencv-matrix
   rows: 3
   cols: 1
   dt: d
   data: [ -2.3540425595479647e+02, 1.3227242598211815e+00,
       1.0743028198508665e+02 ]
E: !!opencv-matrix
   rows: 3
   cols: 3
   dt: d
   data: [ 1.1950594289609784e-01, -1.0742752614821008e+02,
       1.5255919729752061e+00, -3.8388664877817035e+01,
       6.9282792192116227e-01, 2.5589501676936933e+02,
       7.3452125832286663e-01, -2.3540674765979620e+02,
       1.9223906201337537e-01 ]
F: !!opencv-matrix
   rows: 3
   cols: 3
   dt: d
   data: [ -2.1148828924547357e-09, 1.8872279224649239e-06,
       -2.2600081959883635e-03, 6.7783926627773133e-07,
       -1.2143980315714296e-08, -4.6329047926875172e-02,
       -8.3404437993171579e-04, 4.3970153039676843e-02, 1. ]
