%YAML:1.0
---
MatrixL: !!opencv-matrix
   rows: 3
   cols: 3
   dt: d
   data: [ 1.0281026086616163e+04, 0., 1.3261571631385405e+03, 0.,
       1.0395362218720011e+04, 1.0650815653342377e+03, 0., 0., 1. ]
distL: !!opencv-matrix
   rows: 1
   cols: 5
   dt: d
   data: [ 1.5938421519602019e-02, 2.5672435653362453e+00,
       1.7848214292140382e-03, -9.6039258655873400e-04,
       -9.7542743051282642e+01 ]
MatrixR: !!opencv-matrix
   rows: 3
   cols: 3
   dt: d
   data: [ 1.1787307746044513e+04, 0., 1.2713543487944246e+03, 0.,
       1.1748409701076773e+04, 1.0130665926984137e+03, 0., 0., 1. ]
distR: !!opencv-matrix
   rows: 1
   cols: 5
   dt: d
   data: [ 1.2152332439683548e-02, 5.8771086158502248e+00,
       -5.1867400425126265e-04, 4.6046191679701516e-03,
       -2.3862407429654343e+02 ]
Q: !!opencv-matrix
   rows: 4
   cols: 4
   dt: d
   data: [ 1., 0., 0., 2.3281047630310059e+02, 0., 1., 0.,
       -1.0557305908203125e+03, 0., 0., 0., 1.1071885959898391e+04, 0.,
       0., 3.6814012589004705e-03, 2.6121955794112303e+01 ]
R1: !!opencv-matrix
   rows: 3
   cols: 3
   dt: d
   data: [ 9.9038813025336825e-01, 1.5049150548400974e-03,
       1.3830794150703976e-01, -1.4610601975816380e-03,
       9.9999884503507230e-01, -4.1860676122164640e-04,
       -1.3830841173383501e-01, 2.1250693921233968e-04,
       9.9038918516130048e-01 ]
R2: !!opencv-matrix
   rows: 3
   cols: 3
   dt: d
   data: [ 8.9534317725600576e-01, -9.7025306695556739e-03,
       -4.4527121604672215e-01, 9.8472137935029878e-03,
       9.9994953792432717e-01, -1.9884630823111022e-03,
       4.4526803986096447e-01, -2.6043240065324377e-03,
       8.9539353927468324e-01 ]
P1: !!opencv-matrix
   rows: 3
   cols: 4
   dt: d
   data: [ 1.1071885959898391e+04, 0., -2.3281047630310059e+02, 0., 0.,
       1.1071885959898391e+04, 1.0557305908203125e+03, 0., 0., 0., 1.,
       0. ]
P2: !!opencv-matrix
   rows: 3
   cols: 4
   dt: d
   data: [ 1.1071885959898391e+04, 0., 6.8628452148437500e+03,
       -3.0075194691505176e+06, 0., 1.1071885959898391e+04,
       1.0557305908203125e+03, 0., 0., 0., 1., 0. ]
R: !!opencv-matrix
   rows: 3
   cols: 3
   dt: d
   data: [ 8.2513855249654711e-01, 1.1289240395297282e-02,
       5.6481760085464783e-01, -1.0710057761014793e-02,
       9.9993322809628327e-01, -4.3398170124964251e-03,
       -5.6482888014571164e-01, -2.4682788017998860e-03,
       8.2520436484127846e-01 ]
T: !!opencv-matrix
   rows: 3
   cols: 1
   dt: d
   data: [ -2.4320716876253238e+02, 2.6355536892638409e+00,
       1.2095155750006786e+02 ]
E: !!opencv-matrix
   rows: 3
   cols: 3
   dt: d
   data: [ -1.9323867176036535e-01, -1.2094998661561829e+02,
       2.6997780350807901e+00, -3.7568639697741375e+01,
       7.6514810970156188e-01, 2.6901118575035247e+02,
       4.3006586915349443e-01, -2.4322068275604937e+02,
       -4.3313250313689156e-01 ]
F: !!opencv-matrix
   rows: 3
   cols: 3
   dt: d
   data: [ 1.9751683282570843e-09, 1.2226797755443741e-06,
       -1.5885830378809663e-03, 3.8527522146766568e-07,
       -7.7604687194319766e-09, -2.8865685862536079e-02,
       -4.4463609183907626e-04, 2.7434980697363585e-02, 1. ]
