%YAML:1.0
---
MatrixL: !!opencv-matrix
   rows: 3
   cols: 3
   dt: d
   data: [ 9.2807220107608937e+03, 0., 1.2657280761600850e+03, 0.,
       9.4920071318053979e+03, 1.0626290194650664e+03, 0., 0., 1. ]
distL: !!opencv-matrix
   rows: 1
   cols: 5
   dt: d
   data: [ 2.3921310866635476e-02, -9.8464388672973052e-02,
       1.4096518346933000e-03, -1.3627326804261531e-03,
       8.2461258015468726e+00 ]
MatrixR: !!opencv-matrix
   rows: 3
   cols: 3
   dt: d
   data: [ 1.1013150871992926e+04, 0., 1.2266424911755805e+03, 0.,
       1.1061291887230429e+04, 1.0583380938519272e+03, 0., 0., 1. ]
distR: !!opencv-matrix
   rows: 1
   cols: 5
   dt: d
   data: [ 7.2580380985598787e-03, 5.0558771448702053e+00,
       7.5935191183707168e-04, 2.0692913153283325e-03,
       -1.5140381611644372e+02 ]
Q: !!opencv-matrix
   rows: 4
   cols: 4
   dt: d
   data: [ 1., 0., 0., -5.2565533447265625e+02, 0., 1., 0.,
       -1.0855569381713867e+03, 0., 0., 0., 1.0276649509517913e+04, 0.,
       0., 4.6530283561921825e-03, 3.3926669900441190e+01 ]
R1: !!opencv-matrix
   rows: 3
   cols: 3
   dt: d
   data: [ 9.9747887251801959e-01, 3.1491700585014243e-04,
       7.0963368771922247e-02, -3.9836471025284017e-04,
       9.9999924578952970e-01, 1.1617770565896736e-03,
       -7.0962949387254420e-02, -1.1871173703637636e-03,
       9.9747824566083199e-01 ]
R2: !!opencv-matrix
   rows: 3
   cols: 3
   dt: d
   data: [ 8.4593569393754375e-01, -1.1590763828874293e-02,
       -5.3315894057613755e-01, 1.0938570156119166e-02,
       9.9993056775954647e-01, -4.3826182825461441e-03,
       5.3317272004984073e-01, -2.1245832377452130e-03,
       8.4600374511033938e-01 ]
P1: !!opencv-matrix
   rows: 3
   cols: 4
   dt: d
   data: [ 1.0276649509517913e+04, 0., 5.2565533447265625e+02, 0., 0.,
       1.0276649509517913e+04, 1.0855569381713867e+03, 0., 0., 0., 1.,
       0. ]
P2: !!opencv-matrix
   rows: 3
   cols: 4
   dt: d
   data: [ 1.0276649509517913e+04, 0., 7.8169648437500000e+03,
       -2.2085937851296128e+06, 0., 1.0276649509517913e+04,
       1.0855569381713867e+03, 0., 0., 0., 1., 0. ]
