%YAML:1.0
---
calibration_time: "Fri May 30 10:55:54 2025"
nframes: 13
imageSize: [ 2048, 1536 ]
board_width: 8
board_height: 11
square_size: 3.
aspectRatio: 1.
flags: 2
camera_matrix: !!opencv-matrix
   rows: 3
   cols: 3
   dt: d
   data: [ 3.4696274640901256e+03, 0., 1.0290999168185622e+03, 0.,
       3.4696274640901256e+03, 7.6238806911192501e+02, 0., 0., 1. ]
distortion_coefficients: !!opencv-matrix
   rows: 5
   cols: 1
   dt: d
   data: [ -1.0455390756055435e-01, 1.4185517146821250e-01,
       -2.7216655820215497e-04, 1.9246597417790533e-03,
       7.6390101038100489e-01 ]
new_camera_matrix: !!opencv-matrix
   rows: 3
   cols: 3
   dt: d
   data: [ 3.4336015625000000e+03, 0., 1.0307442175261676e+03, 0.,
       3.4294958496093750e+03, 7.6165266510914080e+02, 0., 0., 1. ]
avg_reprojection_error: 3.8585643158365907e-02
per_view_reprojection_errors: !!opencv-matrix
   rows: 13
   cols: 1
   dt: f
   data: [ 3.49831097e-02, 3.42822112e-02, 4.98634838e-02,
       4.19324562e-02, 3.78777683e-02, 3.43277231e-02, 3.69854793e-02,
       3.54122147e-02, 3.30038518e-02, 3.90396416e-02, 4.27159369e-02,
       3.87825929e-02, 3.91679890e-02 ]
Translation_vector:
   - !!opencv-matrix
      rows: 3
      cols: 1
      dt: d
      data: [ -5.2518149311698849e+01, -3.8946375673387386e+01,
          2.7653928668491665e+02 ]
   - !!opencv-matrix
      rows: 3
      cols: 1
      dt: d
      data: [ -1.9534665957662927e+01, -3.4801400955944956e+01,
          2.6836874823287064e+02 ]
   - !!opencv-matrix
      rows: 3
      cols: 1
      dt: d
      data: [ 1.9269190429743567e+01, -3.3198339927807481e+01,
          2.5838799452619003e+02 ]
   - !!opencv-matrix
      rows: 3
      cols: 1
      dt: d
      data: [ 4.2652698564872352e+01, -3.8185686669395686e+01,
          2.5197583207324152e+02 ]
   - !!opencv-matrix
      rows: 3
      cols: 1
      dt: d
      data: [ 4.0353731761444465e+01, -1.0686889190932655e+01,
          2.5467939013427966e+02 ]
   - !!opencv-matrix
      rows: 3
      cols: 1
      dt: d
      data: [ 1.5416339253971158e+01, -7.5291791672845720e+00,
          2.6134985566128222e+02 ]
   - !!opencv-matrix
      rows: 3
      cols: 1
      dt: d
      data: [ -1.7250603454131728e+01, -1.2045265895908353e+01,
          2.6956167176177166e+02 ]
   - !!opencv-matrix
      rows: 3
      cols: 1
      dt: d
      data: [ -1.7244875848097159e+01, -1.2057563126295880e+01,
          2.6955354151796871e+02 ]
   - !!opencv-matrix
      rows: 3
      cols: 1
      dt: d
      data: [ -5.8102019826815344e+01, -1.4480807529358843e+01,
          2.8029369800912389e+02 ]
   - !!opencv-matrix
      rows: 3
      cols: 1
      dt: d
      data: [ -6.2447981770970088e+01, 1.9307135005052906e+01,
          2.8489768452186121e+02 ]
   - !!opencv-matrix
      rows: 3
      cols: 1
      dt: d
      data: [ -3.0505200880227967e+01, 2.1183385307947933e+01,
          2.7860431284689878e+02 ]
   - !!opencv-matrix
      rows: 3
      cols: 1
      dt: d
      data: [ 8.2384243549900500e+00, 1.7115481310418886e+01,
          2.6769064721667445e+02 ]
   - !!opencv-matrix
      rows: 3
      cols: 1
      dt: d
      data: [ 3.8521956317769167e+01, 1.5005879346631108e+01,
          2.5909604449030894e+02 ]
Rotation_Matrix_img:
   - !!opencv-matrix
      rows: 3
      cols: 1
      dt: d
      data: [ 7.5475515773680321e-02, 2.4510104814711753e-01,
          2.9441626136433304e-02 ]
   - !!opencv-matrix
      rows: 3
      cols: 1
      dt: d
      data: [ 7.4023615533612516e-02, 2.4707460018467961e-01,
          1.7521495328876167e-02 ]
   - !!opencv-matrix
      rows: 3
      cols: 1
      dt: d
      data: [ 7.4977676040092991e-02, 2.4917855914630432e-01,
          3.0432413804748676e-02 ]
   - !!opencv-matrix
      rows: 3
      cols: 1
      dt: d
      data: [ 7.5908444425825977e-02, 2.5537312472714302e-01,
          2.7902955991928102e-02 ]
   - !!opencv-matrix
      rows: 3
      cols: 1
      dt: d
      data: [ 6.5316430606985859e-02, 2.5445096568321934e-01,
          -2.0643495374595361e-03 ]
   - !!opencv-matrix
      rows: 3
      cols: 1
      dt: d
      data: [ 6.4219652336301780e-02, 2.5100483614886360e-01,
          -1.2927809714169137e-02 ]
   - !!opencv-matrix
      rows: 3
      cols: 1
      dt: d
      data: [ 6.5379009224493079e-02, 2.4927626170609357e-01,
          -1.2077623739850187e-02 ]
   - !!opencv-matrix
      rows: 3
      cols: 1
      dt: d
      data: [ 6.5583141635996156e-02, 2.4902824069253235e-01,
          -1.1745493473840333e-02 ]
   - !!opencv-matrix
      rows: 3
      cols: 1
      dt: d
      data: [ 6.9673371261343597e-02, 2.4422799756582408e-01,
          2.0597952251069009e-02 ]
   - !!opencv-matrix
      rows: 3
      cols: 1
      dt: d
      data: [ 6.1096646675959210e-02, 2.5048090719670130e-01,
          -9.0318078403864802e-03 ]
   - !!opencv-matrix
      rows: 3
      cols: 1
      dt: d
      data: [ 5.9632065039628077e-02, 2.6247056079658465e-01,
          3.4186440787477611e-03 ]
   - !!opencv-matrix
      rows: 3
      cols: 1
      dt: d
      data: [ 5.9736772865333930e-02, 2.6607108442927330e-01,
          -7.0015157956013667e-03 ]
   - !!opencv-matrix
      rows: 3
      cols: 1
      dt: d
      data: [ 5.9486092041931983e-02, 2.6973087203150287e-01,
          -1.7633811509970117e-02 ]
object_points: [ 0., 0., 0., 3., 0., 0., 6., 0., 0., 9., 0., 0., 12., 0.,
    0., 15., 0., 0., 18., 0., 0., 21., 0., 0., 0., 3., 0., 3., 3., 0.,
    6., 3., 0., 9., 3., 0., 12., 3., 0., 15., 3., 0., 18., 3., 0., 21.,
    3., 0., 0., 6., 0., 3., 6., 0., 6., 6., 0., 9., 6., 0., 12., 6., 0.,
    15., 6., 0., 18., 6., 0., 21., 6., 0., 0., 9., 0., 3., 9., 0., 6.,
    9., 0., 9., 9., 0., 12., 9., 0., 15., 9., 0., 18., 9., 0., 21., 9.,
    0., 0., 12., 0., 3., 12., 0., 6., 12., 0., 9., 12., 0., 12., 12., 0.,
    15., 12., 0., 18., 12., 0., 21., 12., 0., 0., 15., 0., 3., 15., 0.,
    6., 15., 0., 9., 15., 0., 12., 15., 0., 15., 15., 0., 18., 15., 0.,
    21., 15., 0., 0., 18., 0., 3., 18., 0., 6., 18., 0., 9., 18., 0.,
    12., 18., 0., 15., 18., 0., 18., 18., 0., 21., 18., 0., 0., 21., 0.,
    3., 21., 0., 6., 21., 0., 9., 21., 0., 12., 21., 0., 15., 21., 0.,
    18., 21., 0., 21., 21., 0., 0., 24., 0., 3., 24., 0., 6., 24., 0.,
    9., 24., 0., 12., 24., 0., 15., 24., 0., 18., 24., 0., 21., 24., 0.,
    0., 27., 0., 3., 27., 0., 6., 27., 0., 9., 27., 0., 12., 27., 0.,
    15., 27., 0., 18., 27., 0., 21., 27., 0., 0., 30., 0., 3., 30., 0.,
    6., 30., 0., 9., 30., 0., 12., 30., 0., 15., 30., 0., 18., 30., 0.,
    21., 30., 0. ]
